1651 9 20003100 0 400 9
6596
8192
-16
-29
-29
-25
-37
-16
-41
-2
-37
12
-28
25
-14
36
-2
40
9
38
18
29
24
15
28
-2
29
-14
26
-22
16
-28
2
-31
-14
-30
-29
-23
-36
-11
-36
4
-32
19
-26
26
-19
29
-5
27
10
25
23
22
31
17
31
10
25
0
17
-13
10
-20
1
-22
-9
-16
-17
-8
-21
-1
-22
1
-19
3
-15
5
-11
9
-4
14
7
18
21
18
30
16
35
10
34
1
30
-7
24
-16
17
-25
9
-31
-2
-32
-15
-28
-27
-21
-36
-10
-40
3
-36
15
-26
26
-10
35
5
36
18
32
28
23
32
12
30
-1
22
-16
12
-29
1
-38
-9
-41
-17
-37
-26
-28
-35
-16
-39
-4
-35
7
-23
18
-10
25
1
27
10
23
16
16
22
6
27
-5
28
-12
24
-17
14
-20
4
-21
-5
-20
-14
-15
-21
-9
-25
-2
-24
6
-19
14
-12
20
-4
26
1
28
7
28
15
22
23
12
27
-1
27
-16
21
-27
13
-33
0
-36
-12
-35
-23
-30
-30
-19
-31
-6
-30
7
-26
20
-21
29
-12
33
2
32
15
26
25
17
27
7
25
-4
21
-17
14
-28
6
-33
-6
-30
-18
-24
-30
-15
-38
-3
-37
7
-29
17
-16
25
-6
27
2
28
7
24
11
20
16
13
23
3
28
-6
29
-13
20
-17
7
-20
-9
-20
-24
-17
-31
-11
-32
-2
-27
10
-19
21
-10
29
-3
35
2
37
6
34
14
26
23
15
30
3
31
-9
26
-18
18
-24
7
-28
-3
-28
-13
-24
-24
-15
-32
-3
-35
10
-32
23
-23
32
-9
37
8
37
21
32
30
22
33
9
30
-2
25
-13
17
-22
8
-26
-3
-29
-17
-25
-28
-15
-34
-3
-33
10
-26
16
-15
18
-2
16
8
14
15
12
18
9
19
3
19
-3
17
-12
15
-19
11
-23
4
-24
-5
-21
-14
-18
-21
-10
-23
-2
-21
8
-18
20
-14
30
-10
34
-2
33
6
27
15
19
22
9
24
-1
25
-12
21
-25
15
-34
6
-39
-7
-38
-19
-31
-29
-18
-35
-2
-31
12
-19
26
-7
33
7
37
20
36
28
31
31
23
29
9
24
-6
17
-20
8
-31
1
-34
-7
-31
-16
-23
-23
-15
-26
-6
-27
2
-24
9
-19
15
-11
20
-2
22
8
23
16
17
21
7
22
-4
20
-12
16
-16
12
-17
6
-18
0
-18
-7
-17
-17
-12
-26
-5
-33
4
-33
14
-27
21
-17
26
-3
27
9
25
21
19
32
11
36
3
34
-6
26
-17
18
-26
9
-33
-2
-36
-12
-32
-22
-23
-28
-9
-29
6
-26
20
-18
33
-9
38
1
36
14
27
25
16
32
4
35
-8
33
-17
25
-25
11
-31
-4
-34
-17
-32
-26
-24
-28
-14
-23
-2
-14
12
-5
22
3
30
11
30
17
25
20
14
23
0
22
-10
20
-15
16
-17
10
-17
2
-19
-8
-23
-17
-26
-26
-24
-30
-13
-31
-1
-26
12
-16
22
-6
27
6
31
18
32
26
27
30
18
30
4
26
-8
20
-18
10
-27
-1
-31
-15
-30
-26
-25
-31
-14
-30
-1
-26
10
-21
19
-13
27
-3
32
8
33
19
26
26
14
31
0
31
-12
26
-21
17
-30
5
-35
-4
-36
-10
-30
-15
-18
-20
-5
-24
5
-25
13
-21
16
-10
18
3
17
13
15
18
11
20
6
19
0
17
-7
14
-16
9
-25
2
-34
-8
-38
-16
-35
-24
-25
-30
-10
-33
1
-32
10
-25
18
-13
24
0
28
13
28
21
21
26
12
28
-1
26
-12
21
-21
10
-29
-2
-33
-14
-30
-24
-19
-30
-5
-33
9
-30
22
-25
30
-15
34
1
35
15
30
27
21
33
10
35
0
31
-9
25
-19
16
-26
3
-28
-11
-24
-21
-16
-25
-8
-24
-1
-19
4
-12
8
-3
12
6
15
13
14
19
12
20
7
18
1
17
-7
15
-16
14
-24
9
-31
3
-33
-8
-31
-22
-25
-34
-16
-42
-6
-42
7
-34
17
-20
24
-4
28
6
29
16
28
24
19
30
8
33
-6
30
-20
21
-30
7
-36
-7
-36
-18
-31
-26
-21
-30
-10
-32
1
-30
13
-24
22
-15
28
0
30
13
27
24
21
30
11
28
1
21
-9
11
-18
4
-23
0
-25
-6
-22
-12
-16
-19
-9
-25
-2
-26
4
-23
10
-15
16
-8
20
0
22
9
18
18
12
26
4
32
-5
33
-13
30
-20
22
-27
10
-30
-3
-31
-19
-25
-31
-16
-37
-6
-35
5
-28
13
-18
21
-7
31
3
37
15
38
29
29
37
12
37
-8
29
-27
17
-34
6
-33
-6
-27
-17
-21
-28
-13
-37
-2
-42
7
-40
15
-27
23
-10
30
7
35
23
36
31
30
34
18
30
2
24
-9
16
-17
7
-21
0
-23
-7
-22
-15
-19
-19
-13
-18
-5
-15
2
-13
6
-12
9
-8
14
1
20
12
26
23
28
28
20
29
5
27
-15
23
-28
15
-33
-1
-30
-16
-25
-28
-19
-34
-12
-34
-5
-29
5
-20
16
-10
23
2
25
16
21
28
14
35
5
38
-4
38
-12
32
-22
23
-27
10
-31
-6
-30
-20
-26
-29
-19
-33
-8
-32
2
-28
12
-23
22
-15
29
-3
31
14
27
28
19
36
9
37
-4
